<?xml version="1.0"?>
<opencv_storage>
<H type_id="opencv-matrix">
  <rows>3</rows>
  <cols>3</cols>
  <dt>f</dt>
  <data>
    2.17792058e+00 -9.20444429e-01 2.14568268e+02 9.16637555e-02
    -5.39216325e-02 3.00752472e+02 2.56217434e-04 -3.26877972e-03
    2.15009332e+00</data></H>
</opencv_storage>
