<?xml version="1.0"?>
<opencv_storage>
<H type_id="opencv-matrix">
  <rows>3</rows>
  <cols>3</cols>
  <dt>f</dt>
  <data>
    2.08419094e+01 -9.21193027e+00 2.12687790e+02 1.63808954e+00
    -4.49040055e-01 2.79783813e+02 2.89434008e-03 -2.94046812e-02 14.</data></H>
</opencv_storage>
