<?xml version="1.0"?>
<opencv_storage>
<H type_id="opencv-matrix">
  <rows>3</rows>
  <cols>3</cols>
  <dt>f</dt>
  <data>
    2.44486752e+01 -1.18431749e+01 2.25338364e+02 -4.34907138e-01
    1.29260266e+00 3.18645386e+02 -2.31301427e-04 -4.11819480e-02
    2.15000000e+01</data></H>
</opencv_storage>
