---
image_width: 640
image_height: 480
camera_name: camera
camera_matrix:
  rows: 3
  cols: 3
  data: [566.173, 0, 318.111, 0, 566.302, 245.43, 0, 0, 1]
distortion_model: plumb_bob
distortion_coefficients:
  rows: 1
  cols: 5
  data: [-0.0619107, 0.286563, -0.00134533, 0.00502947, 0]
rectification_matrix:
  rows: 3
  cols: 3
  data: [1, 0, 0, 0, 1, 0, 0, 0, 1]
projection_matrix:
  rows: 3
  cols: 4
  data: [566.173, 0, 318.111, 0, 0, 566.302, 245.43, 0, 0, 0, 1, 0]