---
image_width: 640
image_height: 480
camera_name: camera
camera_matrix:
  rows: 3
  cols: 3
  data: [529.664, 0, 300.63, 0, 527.536, 222.848, 0, 0, 1]
distortion_model: plumb_bob
distortion_coefficients:
  rows: 1
  cols: 5
  data: [-0.099918, 0.153594, -0.00737152, -0.00291395, 0]
rectification_matrix:
  rows: 3
  cols: 3
  data: [1, 0, 0, 0, 1, 0, 0, 0, 1]
projection_matrix:
  rows: 3
  cols: 4
  data: [529.664, 0, 300.63, 0, 0, 527.536, 222.848, 0, 0, 0, 1, 0]